1307
9292
9481
9435
6971
9653
9925
9518
2153
5370
2674
6255
4918
4158
2240
8962
4602
9953
1762
7856
3910
7524
5796
6812
1504
4789
3030
5128
1672
8886
5315
6802
3973
9147
2437
9062
1251
9574
5331
8015
2430
5695
6950
8665
7879
7936
1337
6278
2246
9183
3294
4244
9357
3765
2493
9087
3457
7301
1282
4786
6155
4250
3550
6788
1456
3529
3967
3372
6478
4670
3791
6541
4572
2512
1861
9848
7973
4974
6528
5238
9842
5645
8647
3243
9004
5258
9376
2592
7812
3460
8378
8398
2562
3598
5187
6607
2747
5292
7422
9228
4344
7121
1119
9561
5479
6231
1806
3669
2092
3107
2293
5339
9905
4071
3476
2227
8441
7807
3607
3642
3188
8391
5798
1915
9011
7553
8076
6645
9045
2060
8903
5495
1909
7669
3031
4178
6779
8616
3611
7753
1501
6792
5410
8613
9500
5912
8791
2743
1507
6129
2550
8248
1406
2141
7602
5149
7505
8101
2285
9338
6557
7105
3515
8588
9315
9723
2715
7911
8929
2889
9730
7113
5987
4579
5191
4678
6593
2581
5019
7993
1186
2201
5956
7157
4067
2214
1669
7790
8300
5502
8558
9368
5880
3584
1852
7029
9800
7871
9070
8490
5385
6125
9834
3570
6314
2643
3713
2589
5634
7985
8818
6030
6763
9106
1704
3069
9200
5894
6945
9490
7615
3086
8906
8705
7209
1818
2425
5157
3472
2073
3620
9152
9564
1568
3191
1149
7074
1687
3792
7030
8713
2664
5936
7872
6613
1736
6226
8436
4206
9930
7970
8465
8561
9753
8942
5698
4890
3637
4058
4623
7873
7854
7179
1878
1753
9840
6573
6876
4679
8951
8280
8397
9298
6131
9428
4891
2689
7203
7415
1207
5147
9767
1632
9223
7641
2500
2641
4222
1420
9959
1296
8605
9209
3018
5334
2484
9550
6358
1917
7101
8298
7726
6461
1571
8469
9908
4840
9157
8530
1477
7846
7712
8773
9621
4327
2420
8136
3436
2580
2823
4749
5705
8402
1583
6984
8401
2655
3909
6343
8374
8325
7632
7361
6138
2314
5652
2642
2081
7021
3914
3368
2123
1602
2158
4446
5787
2815
9225
9961
6705
2577
8539
5811
8030
8144
1126
2356
1218
2647
3963
1546
3205
5499
7960
7304
1561
3734
2526
8910
3045
1365
2087
1279
9224
7088
8357
1271
6449
7023
1801
4262
6199
2940
3763
3541
3152
7887
8226
2419
2610
9935
8976
5213
6345
2732
2295
9885
5841
5702
4843
3873
2652
3509
4562
5548
6751
1785
6664
3666
8019
2986
9995
9429
9474
1460
6715
6178
1170
2660
3574
2037
3828
5731
2673
2531
2648
5429
2998
8755
6918
8897
6263
8442
8943
7792
2709
1252
3414
3730
6849
6204
9855
2966
1556
6232
5176
6537
1530
9344
6424
2943
6999
3397
7944
1697
4560
8620
7724
7488
5528
2505
1548
9119
2860
5586
8554
8369
1439
2228
7429
8525
9772
9580
5089
9578
7466
1938
1361
9799
7528
9090
9105
9569
7356
8306
6048
8922
7585
4583
7463
9213
8972
8014
7922
3469
1412
3421
6632
6520
6949
5575
4351
2949
3536
1610
7048
6888
4004
6755
8117
1903
8776
8471
4552
8179
2645
3418
4809
7005
1924
7489
4403
4014
1135
6976
6446
2785
4411
2103
2151
4614
6471
6260
8286
7522
3870
9102
6718
8697
9691
6443
9388
3490
8251
8464
4690
8462
8640
5028
2469
7303
3793
6764
8754
3011
5810
6808
8557
9463
9635
3396
8065
2157
4232
5055
7687
3787
2964
7359
4135
8376
8614
9488
9486
9617
3974
3883
7593
3778
2431
9860
1400
4314
6817
7727
4712
6356
3122
7515
7183
4022
6765
5758
5423
4962
7379
8106
3692
5707
5726
4928
1505
2771
9145
6694
1695
8424
3090
1678
7652
2421
6855
6872
6630
7019
7697
7349
5858
8250
3345
4431
3794
4495
5594
5323
2215
8673
6147
8277
8859
3012
4740
5243
8762
9286
7462
7444
7806
5418
7777
9685
3423
1939
9788
7844
3683
1357
6595
6526
8315
4943
5101
5808
8788
6549
2030
4390
5519
9557
8473
4355
1535
9517
5273
6567
6190
9526
2665
4900
5048
2330
7910
5663
3855
4353
5838
3100
5449
6623
5942
8062
1531
4367
4870
5784
2337
7260
3142
3048
1763
7002
7051
5834
8528
6811
8071
9808
8199
9573
3990
6655
3755
6027
3762
7143
1586
5146
4190
3000
9236
6747
8283
4973
1148
1891
4242
2741
6900
9161
6870
3062
8517
2835
1800
5862
8087
9002
5200
4445
3695
2451
7407
8168
9900
2893
6858
7926
8823
1341
1827
8387
7643
8025
4187
2613
5108
1430
4070
7175
9247
3526
8112
3543
8220
3649
8831
3863
8991
4582
1804
4389
7486
9310
5603
2620
3839
9510
3750
2028
7619
6716
8669
6904
1894
1604
9016
4706
2956
7065
2544
2850
8456
7270
4161
4363
2693
7351
6498
7813
5542
4279
5283
8856
4499
5910
1799
3051
9856
9394
3026
4307
5639
6776
6810
6941
3417
3296
6028
1820
1393
4460
8699
3196
5847
1611
8880
3467
8386
5633
1857
9451
7405
6797
7986
8576
4183
9423
1895
3245
1880
6248
5466
6418
9243
4440
1212
5833
9811
4380
7587
2459
6416
9019
7867
5027
5951
6075
9552
3981
9796
5392
7320
1462
6710
1597
1609
7547
2635
5125
4571
7465
3210
6510
4502
9196
7311
9838
6133
6078
5526
7664
6854
2004
5285
2403
3998
2471
5977
3757
2091
3352
6609
5223
1267
3521
6562
8158
4741
2440
4831
8974
6057
4343
2395
5709
2746
5729
6408
4675
4131
7655
7423
1889
7646
2818
9960
9852
4745
9181
6285
8589
2271
4983
9503
8012
1966
2762
4981
9586
3404
4815
7481
8763
4024
3674
3453
6196
6250
5352
5046
5807
3454
5209
5340
1751
2816
9232
2335
5372
1115
4265
1298
3705
2132
2361
4721
6277
4065
3951
5610
2495
3127
2235
1732
4326
5759
5514
4726
9508
4130
1948
5881
7653
5102
9074
3471
4450
7471
4016
3795
6340
1733
7663
3842
2683
5257
5228
9207
1847
7098
8981
4497
4388
2935
4430
6261
8278
1499
9677
8851
6489
9304
8093
2266
8841
3307
6210
2873
9812
8679
9669
2848
8920
5112
6815
2971
2155
6968
4298
1227
1825
4256
4230
5377
2349
1437
2357
2845
1848
6387
1457
9527
3028
4611
1322
6065
9013
4764
1860
7902
2728
1478
5135
9010
5933
4203
4105
5564
3741
8984
2604
7329
4213
6081
9585
4597
8817
1166
8609
7827
9115
5118
3371
9084
9709
6374
3452
7296
4228
1614
5470
2404
2809
2796
7163
8121
2759
7406
2134
5215
7843
8468
5318
1768
3005
3603
3677
6104
2248
9000
6914
2243
5742
7794
4481
4009
1566
9786
3933
8333
5615
6659
4731
5895
6969
9715
5013
2982
3578
4653
1683
7824
9919
1981
7847
1674
3093
5391
5868
5162
7053
4347
2706
8299
6750
5800
2874
4073
2989
9453
7711
8008
3759
6130
2628
2726
5620
1506
4917
7604
6328
6651
2264
5481
5434
4311
2972
5555
5981
3903
8319
3181
2370
2704
2291
9329
6881
4909
9531
4089
7424
8936
4143
1730
8909
5093
2675
3446
2872
6360
7447
4945
2219
6402
5536
8061
7233
9952
5500
5488
6193
2682
7152
9398
9023
4718
6207
2136
4913
2035
4227
6202
5588
6669
8309
1559
6302
1636
7294
8496
5308
2832
1514
9036
3585
3923
9421
9986
2903
4995
5126
3406
7691
4667
9813
2203
9184
9535
2588
8801
3748
2692
7968
8782
5050
3706
1567
7768
3112
5883
9325
8428
1833
7464
8367
9330
5091
4191
1526
6690
5886
3586
9718
4020
6286
1416
9166
2819
4172
2932
9587
4469
2737
2253
9340
2758
4991
6875
4819
7730
7542
5345
4113
7116
9857
2169
6112
7169
5775
1239
5632
8449
9593
1123
5159
7216
2997
3150
2288
9748
3950
4972
9114
7830
4210
9076
6816
9032
3106
8967
3880
4782
5861
3886
3115
7367
3120
9452
2232
7639
8203
5766
2213
7373
8966
5930
3241
5421
4188
6045
5892
8135
8204
7480
4264
4711
6515
9489
1327
4625
2957
4947
1663
9343
7556
5998
5809
9539
3531
9670
6871
3492
2411
8747
8599
8868
4701
7263
8905
2374
5804
3522
4472
3178
9015
5457
5927
6014
9610
4013
6480
9132
2481
4049
8230
6276
1404
2376
2739
5748
3501
6839
1627
6514
5783
4506
5976
9168
9766
5573
5668
2098
6311
7350
1725
8675
5422
8284
4878
7271
3989
5727
1934
6467
2001
3579
1790
6214
2703
2373
2273
9248
4458
4958
9865
7472
3503
7852
1519
8453
3496
9187
6508
7493
8460
3753
5110
3439
1213
6299
2593
9591
4700
6472
2379
9305
9582
3461
1537
1626
8793
2515
6013
9342
4627
9059
7805
4030
4784
1395
9282
4504
4523
5911
4573
2323
4500
4607
4931
2012
9743
6000
9773
7291
8416
6744
9863
2522
5069
4010
6886
6737
2347
1837
6068
1826
5267
8001
8004
4944
4659
2623
9414
2011
5097
8063
2600
7845
6139
4933
5518
1222
9422
9362
4946
9606
9475
1965
2886
7110
3874
3190
1769
5117
9300
6848
6868
8760
7151
2366
8799
8869
9450
7459
9164
2406
5580
8914
3809
3212
7876
2923
7310
1333
3716
7309
7695
8495
1681
9159
9075
1772
1319
4321
5327
7857
6465
8990
8569
1947
1419
9502
9323
4052
7938
4590
8668
5165
5890
4976
7129
8433
9137
5753
9361
2313
1743
5576
3259
8028
8370
8723
2992
6128
1961
5562
1484
5383
8997
3182
6867
8586
1577
1259
6382
1853
1652
7842
9889
2616
9547
8023
1527
7874
3504
5321
8201
3321
5543
7156
1360
4707
8787
3563
1522
9707
3073
4748
5504
6046
7779
9275
5878
9515
3266
3413
2052
5211
1862
8643
4293
1607
8648
4325
1445
7606
5923
4484
7036
8968
6741
2678
4479
5816
3697
9317
8514
8385
1694
9457
4235
4704
5801
4822
2105
6877
5658
8215
7244
8176
3098
7261
9700
9945
7071
2633
9854
3947
6410
7765
1956
8641
6602
4934
2260
2939
6379
4302
9104
1805
9031
6591
7572
8812
2063
4535
7289
6952
8396
1578
1850
7322
8427
8066
3605
4544
9958
5900
4017
4871
5875
1178
9630
7919
5129
3214
4897
5522
4889
2646
5511
7037
3510
4428
1858
4746
2615
5893
3597
9459
7567
9636
6468
5029
3455
9141
9740
4836
8684
5170
1782
6283
1396
9353
1871
1995
1201
8098
5402
3484
9321
5963
6252
2114
9165
7649
5464
1645
4462
3170
9047
1192
6743
6981
1461
8602
9111
9447
2077
2925
2278
8965
3242
2543
4181
9686
6038
2876
3309
6921
2757
7688
2236
7769
6251
8664
5212
5553
5313
4676
3882
1570
7427
6084
3766
7374
5249
6793
5836
2631
3634
4818
1972
7719
2241
4729
8737
5276
2463
6043
6442
2287
8009
6015
1211
1615
4176
6677
1677
3482
3564
1453
6208
9545
6564
7834
9026
7145
9504
2257
3218
6093
7716
9278
7323
3693
8457
9948
6688
7802
2968
3102
1188
7629
8193
4240
7469
5072
7861
1778
3206
4656
2154
8786
4922
8655
4352
6929
5889
4061
2171
9121
3025
6022
9202
3592
1510
2614
5867
7341
7758
7034
9170
4930
6887
4306
5286
4434
9878
4075
7280
8535
4095
1176
5266
3041
9068
3681
2833
7297
8667
6052
4884
5193
8389
5975
5613
5767
8069
7539
6831
1334
1224
5717
7603
4212
8265
3139
4760
3831
2817
3180
5837
1843
4186
6388
9713
8592
6325
5459
3773
2953
2662
8042
5428
8208
1759
3712
2882
7149
5036
2039
2159
9851
5309
2165
3892
4598
5225
1371
8994
3938
4362
7404
5644
4515
9807
3306
7477
8476
5525
3719
2667
6638
6666
1321
4594
4237
9153
5904
4473
8829
8016
3047
9270
5219
3688
5073
3838
4173
3940
6165
7419
1883
6622
4299
9470
6775
9492
8642
5467
6935
4925
9940
9405
6725
1836
3341
7484
9149
9458
7718
1274
2117
9449
8422
4695
2847
1345
7624
8736
1659
7253
6784
6469
9897
1438
5194
8722
8344
6728
4397
7170
1773
5713
9909
5839
9438
6534
5643
1368
3409
5190
6100
4336
1485
9008
7640
2651
9957
6349
4179
9777
9389
2987
7033
1817
6392
8314
9611
4693
3556
3223
2721
1876
2027
2787
2718
8635
9271
9776
8081
3130
8601
3154
4280
7252
4534
4518
2621
3658
6095
1377
1897
4698
5885
8290
9377
5317
9227
2518
1156
9965
6010
6919
6620
9442
7337
9529
9420
6195
8070
6769
7500
7918
2389
7829
3391
6844
5401
2948
3351
8916
9017
4287
3384
8952
2513
9728
9758
6729
4285
7097
1415
6080
5234
7630
6036
1866
2928
1617
3636
4415
4765
4737
8537
3511
3164
9682
7397
9558
9190
9681
9979
4837
9690
4406
1665
3557
2061
3654
2283
2539
2625
9496
4134
7086
4276
9346
2317
7507
7273
4414
3264
1116
6545
4709
5824
6495
1318
8961
2085
2362
2917
4331
5680
4757
5462
8572
2311
9804
7376
8704
8125
2977
4368
6998
5394
4398
6025
8794
9646
2259
9393
8896
9698
7482
5456
5123
2475
3811
2490
9364
2191
7670
3644
1761
3239
5503
6782
9334
6907
5712
3939
3745
2310
3717
3997
2783
6444
7455
3612
9246
9219
3630
2797
6509
5094
3852
2774
8848
5039
9693
5674
4079
2744
2427
2445
3022
4949
3216
1411
3228
2074
6389
3957
8313
5902
6819
7766
4085
9265
4475
4180
7420
9128
4717
3958
9180
5115
1203
6947
3664
3317
9880
4254
5789
3802
1401
7453
8963
8842
6397
1658
8712
2590
2565
7218
2298
5872
1302
9997
7799
5506
4330
8917
9277
9596
1427
2315
1245
5298
6597
3405
9204
8018
1682
7198
1775
4245
8184
7096
5235
7172
6002
5092
8229
4048
7862
8806
2043
6329
2177
4589
2929
5388
1429
5486
1595
5443
4501
4104
6074
6135
1980
9385
2212
3961
9890
9363
5303
1746
6291
1582
2558
6702
4248
2853
8631
2343
6363
9467
1467
2156
6024
2696
3731
8544
5846
7808
2988
5335
4225
2042
2540
7952
4816
1206
8685
9487
9841
2026
6598
1765
7780
5732
2372
6296
6331
4812
5699
5362
9469
5143
7996
9689
6436
6633
8383
1280
3829
5158
9477
8150
7158
2898
5290
6861
1884
6063
9906
4448
4055
5597
6150
8379
2455
8540
9588
5649
4258
7251
8674
3392
1387
8254
6175
9721
1815
2722
9386
3784
9055
3463
2231
9658
7881
7119
8171
2192
7722
4959
3916
3159
6321
5206
4762
8873
5485
6344
8771
5654
5099
1621
8814
8900
6067
5004
2713
3470
3246
7864
2535
4903
6786
1822
3735
1376
5342
8419
1811
3819
7010
9716
8884
6423
7838
5378
7798
4102
2626
8866
9657
4683
2571
3657
4739
9533
3169
7324
6892
3172
5427
9455
6869
8381
3646
7659
3944
2096
7976
7987
3353
8082
2300
2048
7063
6487
1521
3760
2790
6614
3135
8878
2993
8778
5972
5657
3302
2587
2229
8626
3565
7908
1152
2996
5278
5338
4776
1564
7850
1839
4150
7534
3808
6536
9253
9370
7634
2173
7814
2717
5415
4735
6709
7197
4716
7027
4274
1159
6500
5540
8157
6413
3344
5966
7656
7957
7155
4702
3714
3274
3364
6930
8034
1402
7990
7784
8529
2380
6447
2564
2730
8074
3088
4277
2442
2561
7609
6004
9649
7751
4136
5728
7816
9656
6713
6917
7749
7207
8212
4165
8167
7642
4400
8546
7181
1237
9641
7232
5688
1369
3108
7028
6813
3546
9494
7708
8756
4465
3729
5828
6089
2851
2773
5725
4550
1164
4799
3061
4029
8889
8225
3087
5635
8126
2514
5760
3219
4236
2056
5079
3740
7388
6693
9868
5271
8511
9809
5913
9375
9493
2719
8363
1796
6290
6186
1721
4624
3549
9387
5205
6114
6856
4221
8127
7120
8734
8185
5566
3014
6704
2341
8612
4077
2377
2738
1444
8830
9355
8634
3236
1434
9724
6414
7705
8645
9903
8515
8575
7815
9089
4788
2559
8845
7490
9734
5474
7683
4772
1612
5769
8341
5524
1428
1748
7191
2842
1906
2308
4553
1585
8512
1143
3497
9430
7487
6804
6626
8172
3226
8024
4756
8303
4674
8993
5888
5325
9042
3415
6121
7901
1452
5172
5067
5983
7239
1977
7085
8489
7430
3931
2245
7969
8798
3477
6592
2798
1770
8507
8568
5035
3500
1153
3862
9565
6606
5393
6459
9054
1774
3117
8095
9737
1175
8394
2462
2065
1475
4615
9849
8487
5103
3380
3516
4144
4309
3703
3261
3050
1911
3743
4366
3312
2110
8349
6879
6082
4412
8031
3848
3357
8459
5762
8590
1867
9396
5989
9992
7875
3827
5550
7066
7747
5918
7836
7315
3215
8353
7144
3899
1865
6483
2008
8716
5669
3133
5591
8836
2811
1269
4463
1524
8245
5349
4923
6754
6039
4118
5404
7763
1642
8163
7959
1308
6119
9125
2528
3379
2552
3265
9904
8046
2082
5420
1132
7093
5480
4684
1970
9818
2936
7581
5508
5559
6896
5968
2838
6699
5722
9536
6354
8443
5782
7885
1944
5749
8454
5501
5121
2749
2124
6222
8995
7180
7099
4419
6783
1384
5774
2896
3438
4223
6003
2252
6032
1339
4234
4664
9195
1138
9708
1838
1173
6490
4456
3103
2147
7067
3432
2409
9823
5903
4057
8690
5432
5995
4255
2067
4241
9403
9215
9169
7800
3698
6548
2855
3577
2906
9118
1637
9584
2149
9771
8430
9637
7479
7773
6794
4041
3594
3926
7049
2915
2573
1888
9590
7693
3192
5961
1358
2010
1912
2176
8444
3650
6247
7224
2321
1373
9887
2947
2639
5033
3325
8493
8209
6579
7006
7971
3334
5739
1873
9615
6915
1930
8864
9627
4587
5086
8727
3956
8826
9094
6111
3478
4993
1225
7102
5606
1928
2538
7598
8237
9126
4793
7230
6992
2216
7974
6648
6466
6519
6384
9896
9040
5512
2368
2912
8686
2013
2170
7995
3701
3499
8701
6153
7196
7793
6319
3918
3009
2716
1150
6719
9898
1996
4498
9814
9624
4899
7569
8846
5736
8038
3076
3016
2786
3966
2209
8371
7588
2803
7039
7354
6230
8474
2033
6440
5776
3232
7839
3052
4530
8956
7267
8629
8006
7160
3732
4339
4634
4564
7204
1898
1565
3053
9643
9741
4318
6375
2828
3209
3096
3889
9122
7897
9722
2365
7540
6127
5764
7266
7055
5636
3936
1389
4532
3965
1382
1783
6959
4011
3591
6974
6905
1671
1112
8246
7889
9268
7318
4033
7092
7347
7940
9057
4862
7025
7571
6206
6179
2089
5310
7000
7276
8083
8180
3156
5487
6058
9390
8925
6110
9544
9416
9080
9651
1424
7395
8017
1451
5827
1713
9820
5870
8317
7440
5842
5700
7997
9341
3301
7020
8110
9869
5446
4148
1160
4286
5156
2277
9222
8887
5988
1468
4078
7391
8658
9269
7917
9408
4527
1643
9081
4060
7417
5999
5551
6908
2101
4114
8211
2877
2190
8958
7555
8810
5204
7229
8037
7801
5877
7104
2591
8311
4661
8533
6529
1792
9824
3622
6219
4035
9384
6958
9327
1558
2942
5662
5926
4433
3315
3962
2003
5447
5000
9664
8399
6348
9400
7981
7536
1124
1260
1692
1560
8094
6944
6642
6016
9007
8255
2125
3771
3244
2789
6154
1622
5704
8556
5284
1573
8860
8247
1823
7363
4393
1841
7694
4040
2891
5095
7003
7136
3231
5979
2788
7903
7880
1120
7364
1752
8483
2656
9290
1502
4260
6708
9211
1329
4208
1228
1910
3915
9532
3812
6785
2980
9120
7370
8056
6292
2318
7625
7667
7112
4167
3519
9071
8160
3262
9559
4392
1831
8356
5113
4068
5507
1946
6451
4555
6502
7675
9284
6687
5366
3131
7519
4823
3070
1874
1256
6060
8175
3841
8219
1808
7504
5006
1998
4654
2568
5697
5790
7358
8617
5692
6337
2005
8898
6452
1191
2069
6546
6118
4833
7178
4999
2945
8944
7234
9158
9472
4677
8637
1710
8218
3071
2960
7319
7509
1463
4783
4780
6170
3537
3055
3679
4984
6077
4681
9985
1533
8372
5585
3149
7150
6037
1616
4904
9505
9436
1579
7386
9803
5390
5369
2029
6376
1809
1204
8573
1288
7246
8891
5083
2834
1700
5567
1726
2327
6425
5959
8682
8029
3718
1629
5168
3023
3498
5374
7721
5850
8472
8186
7733
4162
1974
6726
7041
2489
6616
4725
9555
2080
6126
8103
4483
3268
9156
4316
7117
4103
1189
8781
5171
1706
1151
6653
1717
4231
3689
5997
4006
1720
6176
2429
6352
4848
2984
8883
7616
5939
3189
6445
7692
8216
4948
6684
8142
8510
4632
6305
4252
9891
2861
8143
4417
7381
2075
2752
8702
4863
9956
4229
3074
5071
7915
2479
8874
1913
9962
1262
4096
5616
9623
4641
5425
7437
7115
6650
9933
3676
3774
6745
4468
1230
2951
2097
6280
6639
4730
3185
6740
2723
3203
1346
3727
4798
4313
5131
5484
6619
8661
1182
8343
3213
6400
1550
6578
5901
5530
3123
2563
4978
3506
3696
1606
8506
9761
2041
9491
5419
7518
9720
4124
9198
9530
1788
2070
2172
3803
7007
9258
4937
4529
5607
3057
5617
9714
6201
9886
5075
9221
8852
3861
8334
7057
8155
8656
5353
6560
3121
3293
4396
8932
6429
7450
2301
1366
6079
3969
4763
5426
9982
2897
2135
1754
5256
6481
2707
8930
6760
4724
9069
5563
6044
3869
2499
8187
6303
2840
3272
6275
5646
8946
8393
6086
3825
8169
8276
3887
8583
8654
2677
6051
1405
9242
7137
4312
4224
6205
8714
3320
2907
9560
5431
8161
7497
5860
5430
5186
4485
4565
1236
5060
7043
6455
3443
7891
3913
1130
3670
8772
4841
1967
1776
2199
9745
3269
8689
5242
6182
3779
9797
8918
2182
7654
7344
8939
1516
3378
9199
3619
9628
2249
3554
6059
3606
3475
5897
1248
2579
8666
1584
5844
5096
2328
7594
5527
4606
8597
4942
3277
9339
6556
2016
6516
1383
6458
4908
6359
9826
7953
7305
8624
5957
6910
6103
1703
5002
7754
2782
1492
1128
4091
4292
9751
8775
7293
7206
3631
2585
3280
4824
4753
9665
4153
9039
1261
2808
4887
8912
5268
8491
9732
7072
2976
4031
3308
1941
9154
3037
9354
9943
9446
5970
8662
3894
6294
3555
4919
7723
8043
7755
8346
5364
5195
9534
3435
1552
8975
8698
4715
4622
4257
9757
3901
6767
2202
3060
5452
2899
5375
7605
2346
3690
4420
4861
3742
6637
3628
5043
1693
9619
3971
8858
8565
2175
4197
3247
4066
4496
2146
7452
3739
6979
9752
1655
5264
3119
1134
4301
4247
8523
6640
3356
9230
3276
4554
9939
8418
9033
4109
9313
7377
4734
9380
5969
4694
3400
1289
5887
1340
7243
6066
3569
5946
9214
1167
5517
4912
8295
5009
7774
1511
1122
2666
4898
4547
5175
9701
1936
2973
7202
2397
8692
5277
4072
8604
1777
5445
9454
2598
3410
6297
5240
5408
8141
8804
3183
6581
2131
8740
9235
2748
2822
6967
7109
4322
9675
5116
3953
9583
9425
5336
1557
9171
9567
5772
9914
3428
1133
2399
4184
6159
9205
4849
6144
1696
5817
8439
8681
5197
1666
9831
9468
9892
3627
6215
8073
4936
8824
1431
6368
5549
1824
8297
8228
3483
9167
6394
7081
6864
9963
6585
6512
3856
9437
1958
8945
9676
6857
2222
8249
1728
3704
3663
5582
1154
1797
4865
6731
4635
3857
4198
3768
4669
9760
7552
6738
6357
7272
9079
3058
4424
7061
6575
2806
2913
9805
2937
9927
5600
5768
9513
2184
9988
7418
7501
6212
5084
5818
4141
9519
4081
2605
4253
3982
5133
5221
1991
2319
9879
2223
3868
7770
7200
9146
5047
6818
3708
1771
8446
6488
4832
6706
9226
4977
2843
2672
3593
6218
8040
5746
5741
7059
6916
1945
3772
5437
9937
4110
5490
5417
5510
6300
1781
4116
9827
6901
1893
5001
4883
8582
6108
8123
8400
4507
1918
8007
4163
2663
4489
2506
3200
7591
5602
3033
6862
1990
4732
3466
2161
9123
7154
8861
2281
3813
8429
7394
9882
7275
3687
2358
2355
2200
9052
1121
9103
1646
6070
6338
5287
7578
5152
3001
1540
6576
8847
4087
8266
2607
3348
3672
2051
9266
3138
7576
2680
3908
7302
8202
6497
1631
8980
8109
8192
3176
3027
6421
3566
4805
6679
3167
5572
3691
5311
9434
7439
7666
4932
5919
9784
7965
7563
1892
9540
5203
4638
5361
7849
7454
6407
7403
7348
4651
9907
1254
9607
5993
2637
1699
6200
5583
4251
9733
8610
6233
5222
5665
2020
9507
3984
6007
8879
1830
7818
8744
8809
2422
7574
7817
8739
1875
3790
7015
7819
4374
8088
7529
3508
7865
5629
2865
2179
8485
2466
3137
5304
1656
4975
7436
9037
3661
9116
6961
1442
6612
2322
7745
5864
9815
7859
3699
9005
4356
3067
4425
8748
4951
1969
9774
7078
3195
2760
7214
5924
7934
4098
2520
1162
3291
4332
6064
5723
3310
6391
6396
4002
4099
3292
2088
8758
6594
7185
6773
8628
6486
5476
1755
9783
3616
4220
5863
9581
9802
3251
2868
9378
9978
1907
7746
1190
3609
4600
7368
2892
3324
4697
1959
8941
1757
6923
2410
2870
9911
5595
9785
9379
5231
8857
1423
2167
1712
7483
4829
5373
3723
2494
7795
8633
9107
8862
3286
5167
7313
2688
2910
1634
3369
5346
8345
9836
2863
7503
2332
1181
7517
2254
5579
5397
5734
3288
5589
8272
6491
7720
6161
6383
5248
5614
1869
4201
3999
5237
7564
2983
6484
4581
3297
8137
5625
8840
1231
5879
7933
4888
4723
3233
6589
2185
9006
6187
6781
3044
9941
2602
5023
1266
6050
3596
8366
8079
7287
5677
4519
4752
6482
8027
8759
5991
5120
6899
5155
9212
6570
4516
5181
4881
5557
5066
9839
4494
9661
9331
2304
5130
4795
9397
2603
2918
2487
4808
5184
9692
5821
6475
7951
9020
4964
2804
6102
4940
5667
4576
6561
7883
5641
9981
4387
7704
7355
8954
3132
8564
5358
3715
8919
6938
3105
7068
5107
5706
4112
4688
7510
3816
1921
6181
3539
4437
4157
5720
7312
8542
4115
1500
2599
9522
3834
4671
6505
9046
7476
5109
3485
2121
9729
2217
5124
7738
3954
1494
6403
9240
1129
5592
1900
9512
7094
9456
3442
4546
2690
6948
6040
1608
9954
5021
3354
4323
6386
7613
1398
8536
3770
7332
8165
1937
1926
7685
2426
4214
2574
3094
7258
7449
1856
4596
1719
4965
4911
3360
2044
2423
5831
3514
6686
1174
4758
7511
1920
2884
2763
4278
2208
9302
8403
1931
5925
8388
6814
9528
7242
7186
9655
8516
9727
8695
2654
4531
2239
5360
2401
6355
6681
6523
7530
8849
6955
2133
3197
2669
5756
1287
5229
7248
8129
7492
3610
1766
6395
2978
8412
3694
7980
1399
5444
1628
5414
3560
3157
5797
5624
2238
8876
2657
8151
9705
2849
4633
5272
9712
1973
9742
9426
4543
3604
4375
4853
7192
4308
1118
6053
4767
5795
8521
3254
7717
7932
1635
2094
7126
8501
4929
1243
2129
1328
5683
3991
7281
2375
1349
4514
2350
8273
4337
3165
4436
5217
4443
6269
2503
9976
6492
9395
3008
6156
1385
1890
6701
8732
5945
8834
2458
5938
5581
2931
2364
9756
1495
8752
3367
2695
8619
2554
2879
8687
8615
9955
2424
4811
3542
5554
8050
1787
7498
4992
5917
7626
1686
3983
8326
7841
3207
9901
2702
7279
8156
4272
7740
8263
4987
2661
5227
2268
9358
9846
7343
3747
1476
8244
8979
7907
3599
1620
9972
4491
6474
3817
2428
4834
7894
7853
7011
5505
3481
2698
8948
4916
9644
3059
5014
3225
2859
1303
8039
4660
9673
7016
8707
9179
2022
6843
2764
4422
6880
6105
2418
9717
2058
3015
8227
8368
3375
8236
4346
8717
1816
9509
1316
2911
4957
5398
9356
4108
6511
6960
7597
5539
8091
8513
8500
3589
6902
1718
9687
7075
5337
8730
1458
2799
6663
1293
5689
9968
9506
6828
2263
4349
4166
7988
3629
2186
5220
4442
1688
3824
9419
3430
4569
9444
7123
7193
3601
4233
8827
4967
7478
8411
9484
7084
5691
1863
4536
4177
3394
7141
3902
2486
2820
8406
7277
6727
4558
6658
7265
1497
7899
3362
1685
2206
4705
1902
8296
2638
6566
6587
5935
7950
9595
2826
1433
1919
7635
1370
3949
5100
8996
3278
6166
1234
5590
6113
9281
5182
5078
8484
7451
8289
3146
1292
8877
8644
9261
5857
9410
6091
5202
3561
7937
1580
5031
1600
9951
6946
6072
9465
5659
8581
5751
9668
6236
1885
2006
8850
4342
2545
1619
9622
1117
5347
7384
8611
3785
9993
7226
2794
1195
1844
6757
2036
9441
3995
1954
5114
6631
7317
3194
6323
1810
6721
6717
9001
1470
7928
6262
5686
3006
8414
3847
7601
3010
3361
8844
4394
2755
8060
9108
5533
3728
3860
3316
1925
6522
8404
8553
4315
9703
4003
4304
4413
5341
8318
3034
6256
3840
9148
7499
8257
4063
4034
9130
2467
7132
3595
7448
3002
2537
7702
5497
3366
7929
2018
3942
9322
3513
7966
1760
9929
8819
9828
5216
7618
2106
8504
4827
7596
8992
3533
7223
3434
5068
8691
4839
7139
5148
8802
5295
9562
6020
9411
4714
5164
5671
1208
4261
1795
3175
1661
6092
9819
4689
3049
9787
9538
5955
8285
2470
8279
5262
4703
7775
2407
6698
5832
9131
7512
7148
7575
8649
7999
5825
3237
6756
6333
4194
4663
2606
3487
2025
2386
5351
5703
8358
2119
8989
8051
1432
5359
9109
6696
5771
8148
4926
1708
4021
4696
2225
3283
7346
9326
3109
9546
7164
4357
3633
9498
8113
4435
6652
3524
4199
6120
7589
2750
4119
7913
7617
6194
2197
3347
4877
2187
7103
7146
6615
9201
9374
2546
3640
9592
9178
4296
3252
5265
4407
8002
3416
2963
4779
4750
7285
6554
2339
9520
4616
7222
5778
8058
8854
2344
8735
1137
2920
2770
2862
9747
6683
2979
6107
4404
8623
9138
6420
1845
5710
9917
7278
2950
8598
5934
1779
1999
6513
1375
5496
9124
4032
7475
3534
9850
5085
5569
6912
3810
9605
9063
3340
9218
4814
6453
4111
5920
1690
2233
3896
9915
4802
8287
6780
9949
6185
7100
5263
3040
5916
9239
5805
8164
2795
4117
2450
1291
1214
3173
3799
6169
7991
6559
2354
5631
1877
6730
2572
6649
7018
4578
6353
9367
2381
5064
8790
7942
8426
6689
6539
4038
7811
8183
2557
6346
8145
2962
9142
4328
2990
1601
4941
3866
4238
6970
3370
8999
2902
4673
7106
6412
7776
1473
6988
2198
8190
3187
7568
2076
2111
8274
2955
4126
4775
7333
7274
9501
6824
5679
2367
5940
2944
7592
4548
6798
1372
4574
1588
7890
4478
8234
8223
5750
2417
1317
5574
5642
8653
6531
9640
5044
5015
8538
2813
8570
3304
5030
7565
1338
8815
1314
3422
9671
8307
8415
4876
5053
1640
3249
3412
2697
2115
7633
2802
3078
2601
2160
5065
1786
1407
3046
4796
4586
8522
5144
7741
2507
4291
9950
4093
1698
5544
2247
4492
5719
3065
5210
6245
6608
8940
6829
2777
2460
9864
6273
6136
1332
4218
9652
6006
2138
7682
6791
5535
4423
8774
1421
2180
8488
7868
8048
8355
5819
5343
3373
2120
6911
7778
8603
6668
9551
9029
1543
9050
7761
6939
5463
7647
1479
3201
5737
3271
4774
9482
6641
8998
8518
2205
1487
5461
6525
5058
3525
3248
6852
2130
6406
6555
7114
8947
3444
8933
1517
7474
2139
3355
6342
6160
2527
2632
4588
3621
8870
5136
1367
3746
9244
3363
3068
9650
1968
5188
6628
9765
7651
7262
6163
2207
9521
2045
8120
9654
2378
7912
8036
6167
2878
6673
6909
7082
5307
4216
6401
4935
6954
1644
6211
9311
1882
2021
9762
6023
1594
3079
2582
4773
7757
1935
4288
7434
8519
2113
9144
9427
9289
3512
2567
2211
3798
2325
7076
9829
5593
7166
9073
5054
4612
7935
5826
3489
6766
9642
4477
9699
4297
1220
8618
7288
2629
8421
8119
3920
4968
7371
4391
4619
8178
2523
5465
2196
5835
3752
9548
3080
7955
6473
3937
1394
7804
2234
3468
3891
8224
4125
1675
5450
2742
5780
2841
6350
8373
8323
8288
9638
8728
8587
1165
1599
8409
9401
9616
4537
7411
1952
5852
3830
1354
5779
9280
5142
1113
1163
4738
2530
8077
2705
5994
4817
5681
6123
1241
1740
4249
1449
2958
2363
4844
4457
6985
4088
8232
4751
2725
6377
8238
1136
6617
7187
1638
7788
5477
7570
5931
7972
8652
1348
1238
2676
7998
5840
4354
2478
3140
2975
9238
9749
6369
3707
7930
1618
8680
8757
5552
4604
7460
9711
2457
6327
4894
2536
6990
6643
8053
8800
2867
2781
6980
6246
1529
5475
4382
5305
2369
2118
1963
7787
2831
8505
8724
5874
9920
1276
5332
3968
3263
3092
2708
6419
7022
1985
2549
6922
3505
4781
9921
2778
9845
8134
6198
1474
4121
2109
5269
1569
9206
1794
2694
6635
8532
6835
2079
6313
5978
6493
3359
7017
1240
2532
3710
4766
2276
4012
7833
2805
4997
9210
7896
1217
9392
1235
3145
8579
9744
8177
6279
6189
6991
6225
5328
9859
5908
2019
9220
8591
9155
9433
8746
3864
7282
1881
7531
1908
6008
8159
6700
5119
5441
9136
7357
5855
5815
8985
3520
9306
9947
1553
5909
2881
2930
9674
4868
6324
7638
4655
2326
9877
6685
6924
1544
7526
3890
4807
5630
7177
8200
1273
5599
9600
5381
2017
7750
8950
7398
5928
6712
1325
8671
5406
9928
1242
6456
1311
1758
2340
8047
6847
4205
8863
9876
5876
7956
7133
8382
7353
7706
9483
2965
3835
7686
6061
9902
3381
9563
8354
6428
9471
9888
7832
3473
3064
9409
3270
3959
6825
1927
1589
9683
2791
1465
1962
3853
2921
8213
3818
6625
7387
6507
2792
5081
1503
1793
3647
6624
7984
8196
4551
8133
3502
2274
6865
5246
4640
1932
4350
8764
3872
6675
6134
6158
5640
5322
9739
6101
1734
2521
9922
3993
4263
2922
9778
4584
1194
3897
8264
8130
5316
1297
8677
1749
1144
7314
8621
8336
5127
1975
4620
2128
2954
8777
2002
5529
4835
9881
1450
7221
3217
2391
6141
1851
3448
4768
5670
2776
9579
8937
2658
1951
7194
4826
1879
3456
7060
3985
7734
7623
3850
6174
7584
5985
1512
3285
6662
4053
4989
7095
9053
9162
1285
8116
1294
7269
3124
9263
1650
5247
6217
7385
2062
5016
2398
7562
8982
2933
5356
5236
8953
9782
3943
7977
6644
7389
6926
8703
6978
1169
4084
3796
7921
8964
6399
1992
3290
4137
5958
6987
5491
9597
8766
4549
8111
2496
6665
3066
1440
3567
8154
8173
8492
7128
3319
2908
4429
4379
4556
6033
3844
7456
8405
3626
8146
4874
3888
3162
7134
2846
3843
2296
7674
9832
9847
6405
2596
8470
7241
4080
9237
6501
8340
2570
8785
2687
7360
2504
7442
6518
4685
9307
7521
1613
7541
6054
1436
9871
6860
9662
7393
7298
8407
5605
6734
7782
9194
1859
4370
2140
3970
5453
2221
9077
8700
5439
9381
7678
4402
3013
5232
7939
3440
6083
7130
2533
8498
6249
6611
8813
2858
4036
5611
8694
9086
9172
2353
1455
8904
5794
7809
3960
9684
4211
7042
5638
4509
9318
6735
9003
7958
8761
8011
3387
1352
3495
4487
4895
7877
5716
6439
8767
3994
7210
4650
8447
7532
7334
4142
5472
6017
6330
6479
3186
1418
6936
3580
9365
7904
7698
2468
5151
3177
8639
5738
5005
4575
4692
3800
4699
1380
6335
6574
1491
7342
8822
9626
4175
9112
5282
6496
4838
7047
3528
7283
8259
6983
7045
9279
5604
5280
2112
2305
9602
8627
8811
5714
4069
2875
2078
5523
9556
5297
4026
5637
9129
2024
8742
3980
9186
8437
3911
7677
7648
1739
2711
7725
5515
7366
3298
5708
1953
7906
1547
4539
4295
2995
3075
6372
3420
5666
2619
4334
5941
8935
4610
7558
5937
4872
7325
1679
2595
5664
3849
6569
8268
6184
7975
6682
2485
3202
6994
3318
7443
3568
4209
3376
4637
6266
3532
2510
9314
5561
2622
5647
7628
8174
6943
9672
2699
7400
8329
7925
6361
8010
7920
5460
2830
7884
9918
9028
2100
2449
1868
6621
3479
9360
4432
7080
9924
1381
1185
7551
4847
6371
3518
9645
8584
9618
8451
2854
1161
2934
7433
4333
5823
6301
8384
9359
7728
8796
2392
9571
5781
8149
4642
1662
5521
5279
1141
2801
9259
1197
4830
9816
3097
4520
6106
2745
7257
5455
4083
8032
6647
2064
3019
8261
5448
8659
3129
2888
6748
2653
3588
5962
6393
2413
6485
4601
2174
9789
3751
5011
9923
4059
7583
9093
9267
9443
3635
7731
9763
1551
3805
1312
1315
5105
3885
9098
5509
1971
6582
8890
6448
3815
8543
2864
4626
5139
1767
1364
9101
7458
5458
3801
2670
3339
2307
2509
3733
8463
9768
1835
4879
8987
4744
9916
8908
6691
6062
9858
2630
7050
2547
1916
9666
7737
6071
4901
4270
9485
7219
3238
7399
7713
7710
2734
1146
2412
2338
9127
9478
4185
3089
4857
4722
4902
5866
6890
1509
8452
8022
8188
9273
7127
4810
1215
3493
2644
1668
1335
1525
1603
6543
6351
8000
3964
1140
3323
1705
9894
8253
2784
3552
9975
2150
3118
2432
4988
4980
9511
1446
3331
6096
7249
6373
8455
7538
2383
3003
9726
3007
4486
4268
6149
9431
9182
4239
5932
4896
1715
8152
9064
8360
6223
4665
6434
2282
9175
6435
5992
6087
9035
9466
6965
9312
6281
3875
4603
1870
6953
6966
9065
5161
6140
1205
6836
8324
2810
2476
6853
7983
9780
7159
8867
1281
8497
8380
7506
3389
7914
2116
7372
6928
6315
6426
6851
7046
7946
5355
7087
7212
5532
9648
3143
4927
1563
8832
5675
6932
6657
6885
8431
5929
5915
5653
9072
4151
9601
6097
5856
2800
4511
4341
2542
4386
9049
1391
4914
8719
7657
2204
4867
8750
2447
3651
1922
5618
9402
8390
2408
5546
1667
5770
9810
6583
1978
5996
4106
8210
3101
7339
8893
4027
4454
9197
5685
5275
7927
5026
3234
1829
5057
1300
9895
5761
3289
8792
3095
5721
7225
3330
6552
2617
5884
1343
3724
7118
2498
6989
8044
3141
7676
7627
5296
5882
3641
9012
6830
9884
9254
4076
3922
7306
7548
8706
8364
7699
8105
4008
3311
6934
5558
4046
6151
1145
2904
3992
1489
6837
3398
3083
7610
8302
5098
1711
9043
6188
6056
4605
3655
9822
9817
5571
3155
9479
1987
2360
4054
1114
4593
7607
3754
2309
4168
4910
2242
2700
4628
1193
8710
1515
2382
8593
4608
6228
8131
5661
6085
7421
6035
9060
9083
6152
2909
3329
7967
2230
3386
2086
1670
5040
2594
9659
1304
7696
4340
4399
5022
2334
1536
3665
5010
1125
9872
4348
2385
3281
6590
8895
6203
3871
4207
3758
8731
2970
3282
8843
7001
8562
7295
2152
2586
4568
6309
6282
5037
3846
2258
3230
3221
7744
9696
8466
3952
9295
6148
5017
7365
3826
9790
6216
8351
5153
9660
5254
6759
6124
5848
9750
9738
6042
5565
9324
9837
5482
2251
7396
7700
6629
7554
5185
3342
7860
4961
3893
3530
3491
3545
8552
9647
5413
9176
2279
4266
7752
2767
3725
5744
1513
3279
6646
8467
4056
5845
4243
1855
1624
8438
9870
9566
9755
8663
9613
6823
4480
4215
4994
7661
3877
2668
3171
3906
9899
8959
9347
3977
6332
5684
5587
4755
6670
2844
4145
2729
9135
9710
5608
2824
9301
7772
2609
4169
3879
5793
9208
9274
1469
7550
7428
6098
8327
7402
3433
2612
4761
7470
1139
4963
7612
9185
9264
6732
5715
5578
5192
2400
8293
1756
4283
9688
8738
1374
4846
8021
6627
2684
2556
2754
5492
9770
7941
4438
1534
9287
2294
3337
2772
2032
1172
2084
6678
6433
9862
6586
3072
6753
7286
1982
8147
5718
6380
4985
6736
9480
7863
4005
4490
1264
8853
9231
5537
7760
9853
3946
8085
4338
5025
6336
8960
9795
9337
9612
4864
2093
8217
3350
7335
3322
8332
5965
2049
5363
7962
2465
8768
7566
3517
4513
4801
6238
4557
5651
3335
6464
7111
1729
6809
2057
2575
4691
2000
5803
9217
3258
2895
2009
5469
4570
2686
4585
8784
4464
3996
7823
9893
7167
2438
7173
7445
8526
8580
6432
2482
5922
2890
4682
5440
1306
7401
4860
5173
6381
1246
4797
3163
1223
3671
6752
8189
7764
8338
5622
3845
5252
2416
3976
4785
6115
7330
3332
1448
5003
7748
3573
2126
2188
5138
7255
1854
9293
7461
5851
7590
4122
2671
1846
8312
7855
2967
9523
6963
2053
3781
5990
8541
3113
6463
1673
1598
1960
3042
2390
8282
3395
2472
9328
9092
1408
3986
9373
4371
5560
9250
2994
3158
7292
9991
7438
4383
3488
8765
9825
3881
3761
5306
1232
7508
7165
9634
9192
6571
8013
9835
8417
1305
9913
3921
4320
4791
3553
8328
9793
8291
3823
5333
4044
6671
6821
8075
8461
1738
6411
7835
5312
3535
2329
9113
2226
8365
7494
3091
6720
5745
5189
2163
4303
4289
1179
5438
8871
1180
7131
5386
5104
6517
6001
4720
9476
8301
2969
5042
8435
8198
2938
5198
2727
9091
4939
8608
6584
2071
2829
8256
6697
1989
1596
4470
9473
8559
2143
4924
6454
5791
7736
1482
5106
5570
9272
5792
3474
2164
7954
7290
7090
9990
9257
4050
5270
2885
7848
9351
7383
5314
4907
5556
6878
4866
5473
4686
1905
6441
2256
3081
1814
6213
7714
7268
3602
2265
6746
3110
3737
3273
4204
6312
7582
5183
4708
8486
5344
9977
7467
5673
9372
6258
1821
9245
6164
6822
7537
3924
7743
8938
4378
5906
1819
4521
9058
5973
1840
6431
9418
1735
8888
5329
8560
9085
2095
9404
7326
5948
1828
8795
1270
8923
8708
3445
5442
1209
4001
6146
1229
5682
6427
8479
9594
3625
7089
5132
3447
9769
4149
2679
6088
8770
8033
2275
2869
3551
4441
1397
1284
5326
7024
2926
1593
1702
4540
9174
3220
1834
2286
2627
5367
4200
2736
5330
9143
1466
5493
3198
7147
6145
1362
6913
6437
2477
2444
6274
5178
7062
8153
8331
4358
2649
6398
8971
1299
8751
6893
8195
5077
1722
3821
5584
1684
2137
5871
6265
2359
9603
1187
3709
5166
6229
7851
1625
7026
5891
2852
2474
8986
3789
7660
5547
8035
4672
5806
4082
8078
7408
2551
5626
5208
4409
8931
7600
7513
3437
2712
8243
7446
5820
6834
8915
3327
5676
3836
5041
7546
4170
6533
3777
8549
1422
9694
6173
2396
6550
6284
1200
5350
1983
4503
9932
2576
3377
7409
9056
4854
2959
6563
5396
3726
9553
4284
6235
2952
5293
4631
8718
8828
7579
8139
7611
2384
3615
7759
4508
3486
3907
5678
2148
9407
3494
3039
9944
7300
6898
3338
6771
8086
8005
1330
4599
5259
3343
9173
7825
9866
7690
5218
3617
4023
5433
1253
2836
6438
1258
9460
3253
3419
9537
3780
1342
4971
3401
9424
8330
8191
9719
4427
7978
5059
3160
5952
4018
4385
9629
3240
7636
9542
1784
5869
5735
4882
2262
8729
8720
3451
7561
8508
5733
2529
5873
5849
5907
3411
5034
2837
4742
2299
4648
2145
2916
6762
5250
3582
7369
1988
9934
1356
8551
2220
7412
4591
4528
1709
8838
2142
8780
9746
7190
3639
7392
7236
5233
7671
4466
2415
2701
7153
9262
6610
7195
2144
8413
1716
8052
8835
2502
6596
9382
3403
5980
8970
2793
5788
7413
1886
3385
9969
3507
2618
5960
9524
8622
8478
9639
8482
8262
7771
1933
6600
4893
8100
6733
4533
6422
1950
3314
8132
7008
1443
8182
4986
1574
4062
7783
8122
5261
3547
3257
9495
5690
1813
3540
7091
6956
2560
6937
3032
5179
7715
7882
5609
5389
7031
7732
1447
7211
9702
3151
2685
5007
1929
2724
7240
7013
1142
1803
9554
9332
1480
5964
6415
8585
1538
3767
2733
9984
2387
9014
6417
2519
4132
6774
1435
2439
3930
4217
7162
7362
8531
2999
6019
9349
5255
6604
3858
6787
8115
5830
3797
1789
2927
5516
3652
3235
5082
6674
5650
6339
3680
4915
2871
8907
2981
5545
3063
5498
1177
1417
8743
7650
6239
4960
4051
5627
9725
7035
2054
7176
8805
5829
8068
5300
8547
7054
9931
7426
7837
9994
8292
4733
1171
2924
9350
3865
7621
1657
7435
9177
4828
7963
5905
1747
3624
5380
6099
1541
6268
5049
4127
6018
8555
8316
3927
5694
6680
7767
3523
4636
9188
5244
4979
6558
5799
5245
1168
5971
8797
3402
3614
8090
1572
8885
9983
2333
6287
6565
8672
7608
3684
4405
8242
9873
6366
6271
6692
6982
6660
1689
8425
1520
4938
5619
8410
6758
7520
8595
3814
8571
7390
9792
5160
9912
6942
4657
4219
1350
1654
6807
6430
3673
1247
5451
8821
3328
9576
3898
6073
9735
3038
6385
3126
4202
3656
2388
3859
2218
7994
8779
8769
7284
3587
8194
4845
3558
3250
9335
4401
4852
7069
4294
5357
8275
2814
6850
1575
5020
1131
7174
7378
5754
4687
2189
5224
3711
9667
2303
4152
9096
1864
3738
4629
3919
9970
7171
3662
6293
9022
8269
3114
6544
4855
4267
4196
9801
4369
6995
2162
9996
2640
6272
4778
7135
4147
1940
3941
9066
8020
3358
6504
4592
7107
1410
4647
4649
4182
6240
8423
9024
1379
7077
5140
6254
8855
2393
6577
3900
2059
5018
1979
7961
3017
4476
5711
4174
8320
3125
7810
9973
8630
5319
8239
2324
9291
8566
6803
3643
4092
8041
6840
1976
1355
9027
7327
8107
8594
1899
3036
3660
1414
4269
6227
4580
9417
8502
2720
1353
3682
4609
3837
4154
5274
5177
6749
7662
4273
5914
9297
2034
5379
2090
8499
3988
8092
8480
7308
8527
4474
4074
2464
1750
6365
4859
3928
8392
5601
2250
9572
3638
3756
8235
7982
1727
8632
3806
1731
8693
2856
2055
5154
4408
1202
4727
4364
2448
1184
7410
3544
4410
7331
6177
5281
6580
2731
8026
7905
2435
6895
3161
7250
3390
1812
6654
9614
6761
6933
1488
3029
9695
8207
4037
9874
9048
6636
4324
6672
4426
1413
5693
4319
9097
9598
4644
4138
6109
7739
8711
1295
6703
2066
4577
6026
5489
4360
4658
1286
8688
4668
9260
7866
9163
2483
5786
7485
4794
6132
6295
2316
7235
2991
9543
2914
5012
6049
7943
4025
3776
3925
5387
1872
5953
1265
6012
1472
9110
8271
1498
6142
1587
8104
1409
8420
3148
2072
7032
2753
2270
7599
3077
4146
8807
2023
5409
9704
8231
2768
1549
8957
6047
4892
8596
5747
9383
7058
3876
1283
2007
4559
6777
8434
9806
6884
2761
5986
2436
4851
5513
3538
4418
5061
5853
4955
8696
2497
4821
3686
7044
7184
3878
1219
4193
6116
4950
2751
5494
4787
4361
4275
2583
3054
6270
1539
6661
9038
6234
3424
2756
9938
5520
4246
3668
8494
5568
1949
4646
5740
7821
5859
6499
7900
6171
1605
2352
7586
1425
3905
1255
5814
7964
7545
7791
4969
3769
2681
8753
4373
2336
6503
8789
3678
1324
4743
2714
2825
1388
8921
3431
4128
1647
6993
4769
7644
4517
4998
9861
4525
8563
9041
4471
3174
8881
9445
3313
4467
5395
7352
7217
8670
2905
7336
8503
4806
4524
5122
3600
8281
4512
9021
2821
5400
1198
8450
7892
1957
7645
6925
9082
6168
5134
4359
8928
6197
7672
6320
4329
2488
4990
1496
2122
8988
5949
8913
2292
2900
3300
1263
9296
1390
4719
7014
6859
3659
3685
5478
3024
4792
1351
9256
6889
9620
5621
6882
9061
5411
4526
4444
4982
5773
3854
3204
4996
4617
4120
7573
7822
9308
2312
8902
4754
3623
5724
5899
7431
8305
3820
8882
2183
9794
8983
9462
6547
9133
3147
5251
3426
7138
5596
3987
7079
3904
6460
7826
7665
6322
6390
7577
8475
8745
4595
1378
1320
2108
8166
3136
2584
5943
8803
3832
9139
3374
6180
8003
4621
3035
2555
5743
5598
6996
5407
7502
7514
7931
7756
2168
8520
2534
3284
3168
5230
4042
2461
1887
8448
5088
9440
1459
1309
8197
4542
2441
4970
7689
8205
9663
8054
6476
2194
5348
6034
6676
3807
4290
9140
3199
5412
3193
2331
8534
6770
1807
1653
6267
1943
4192
6470
8574
5538
3464
6367
7056
9283
8839
6370
2394
8270
7886
7580
2839
7684
9779
9117
4416
8578
4803
1233
2446
9319
3721
2634
7495
4384
8206
3082
2178
6838
8241
7125
4630
3295
6172
9843
7382
5403
1896
3667
5974
2414
6957
5080
1528
2038
7614
1336
5656
3299
7208
6264
6707
4618
1210
2880
3085
3084
1562
1914
7237
7523
5090
5541
4953
9464
9299
8894
5056
6122
7893
6975
6318
6656
3382
7338
8721
4449
3388
4905
3004
8221
7979
7345
4869
1633
1724
9541
8445
2255
8683
7549
4461
4007
7895
3166
7380
6462
5435
1581
7491
5436
7009
4505
3128
2473
9067
9516
6191
9303
5672
9025
9439
1386
9989
2453
4770
9234
5628
4039
9391
4156
3700
1313
4813
4451
3972
9570
1955
2780
5424
5196
7228
5051
8825
6588
6317
6842
1278
4195
7316
7828
6724
9233
6289
8359
6304
3043
1802
7786
4455
4771
7220
4372
1590
8676
1272
5052
6951
6241
1347
3548
8865
8049
4421
7168
8926
9980
5137
6894
6940
5612
6827
6789
9051
3056
2887
2210
4825
6833
9448
6714
4736
7375
1216
4028
5471
5982
6362
3804
3441
6137
8808
3979
8949
4885
6242
1127
2083
1993
7245
5687
5843
3255
7878
3822
7052
1199
8650
2306
7525
6986
7797
8181
4639
5655
3020
7924
7742
2068
9998
1745
2961
6409
8651
2735
9736
1158
5201
6157
6244
3399
4453
2775
2434
8749
4123
5199
4015
4652
6906
6209
3222
9966
8899
3764
8432
6772
7898
6618
8252
4710
9964
3153
3576
6224
5174
9088
3788
8096
2812
4541
3427
4561
4921
3955
7658
7701
4171
9679
8102
9371
4880
8408
7989
4090
3782
2480
7909
4317
5755
6695
8140
7516
5214
8375
8600
6778
7468
9680
8927
6667
5468
5865
9276
8678
4305
1701
2740
1591
3975
1221
4452
1651
4282
9134
8545
6221
4747
4271
6288
7004
1508
1984
3144
1441
4759
7038
6535
2491
6599
9844
7213
3744
6962
6540
9160
3935
8099
4101
5111
9249
8660
8638
9216
6257
8214
9946
4377
6243
6768
7140
9499
1737
4563
4365
2269
6009
7560
5757
4966
7796
3256
6977
9833
2195
7620
6603
5802
6846
2597
3749
2894
7142
3287
2166
2941
5008
1707
2516
2102
5062
7840
2548
3184
6790
2443
7729
3224
9821
2342
6826
7083
7703
1464
5531
3618
3462
7735
6143
4094
5145
6997
1649
6494
2524
4045
9009
7227
2261
7199
3365
1842
6863
8118
5765
3429
8059
1326
3948
7559
7299
3458
4100
8347
7441
3099
6076
9099
8097
1323
4680
5038
1363
5950
8260
1994
1471
5324
4139
8607
2985
7201
3527
8222
5416
8837
4160
3104
6568
8304
6742
9731
6553
2046
3305
3336
6796
1426
3450
1155
8321
4482
9631
8067
6341
2857
5623
1157
6021
4381
8057
4856
8294
6801
7473
7414
4043
7888
5483
3208
3932
5813
9604
4300
2193
6334
2099
5289
8973
3583
1555
8741
7254
1196
3648
7680
9608
5180
9044
2014
1714
3393
2492
9549
3929
1741
7040
5365
3632
5087
7256
7923
1392
8820
9525
7631
9348
4522
9910
2284
4858
6306
8934
5288
7307
8458
7124
1554
8550
6711
9883
4538
2569
7070
5150
6029
6041
6094
8162
8138
2452
5454
2181
5696
3571
5399
2302
5207
6874
7637
3912
8335
9967
4086
8481
7188
3260
5701
5577
4545
4804
5241
9830
4226
1723
6404
8833
5354
1481
7321
6530
5376
8524
6457
1244
2290
6634
9759
6308
3346
3851
3459
5660
7425
7328
5368
7205
6972
2433
3465
6011
1660
7259
8509
9754
4662
6799
8055
5382
9936
8045
4459
6605
9577
7709
7820
4107
5032
1641
9191
1518
3722
9633
9203
7595
6927
8361
6364
1344
7869
2566
6973
6723
9399
3407
2351
7527
3783
7231
4189
3645
4956
7789
2946
9706
6253
9764
8233
8955
1648
2047
2050
2272
3775
7544
2636
6450
4376
9412
9352
2769
1545
6117
2779
2807
6069
1486
5141
8240
1523
2541
9971
3021
8657
6347
3608
7707
7340
3675
2454
7533
3116
5730
2371
7781
1249
6220
8715
9366
7535
3449
8258
7622
3934
2501
4447
3408
9193
4820
7949
9333
8969
6307
4259
9018
3945
5299
5260
2766
8080
7681
5984
1923
9875
1268
7947
7496
2710
1359
4567
5534
6883
2508
1576
5785
7264
8636
7189
7432
7948
4713
6931
4000
7785
7064
5302
3613
4842
6866
3383
8072
4155
6806
6477
7122
3227
5226
6090
2267
3425
3702
9926
6031
1798
8606
3895
9461
9497
4164
7870
6845
2901
9575
2883
4129
7831
8170
1403
9867
5854
2107
6920
8114
8872
4395
2280
5822
2691
6820
8337
9229
9336
2608
3736
4140
9150
9413
6538
6192
7073
2650
8901
3275
3303
1277
5291
4566
4097
5752
5944
3111
5896
1942
1742
6832
4335
6722
2974
7945
1111
8577
8440
9942
9632
3590
9285
9599
8089
2127
8924
3326
7762
8892
7916
1250
4488
8395
2659
8783
8350
1493
1310
2827
9798
2517
7012
3581
4345
5967
7992
9432
1997
2511
8377
9781
9568
9415
4643
2031
6800
3786
2297
6005
2244
1226
9697
2224
8128
8875
6316
4133
7557
1301
6183
3884
6841
1780
6237
1639
5763
1331
3267
5777
4728
6903
6897
2345
4906
1592
8625
9791
1490
6542
1676
5024
7668
4875
6964
4159
6527
8108
4886
7543
6601
1832
4493
7238
9189
2624
1791
3867
1275
5320
7161
8646
6162
4790
5954
9589
8352
6551
4047
9095
1964
8477
1680
7679
9241
9151
1664
8308
8342
4850
4613
5405
4920
9030
9034
5163
4281
1257
7803
5921
7182
1542
8064
8978
2578
1986
3653
6506
5253
3917
9406
2289
5384
6298
3978
1483
2320
6378
8124
4777
5371
8816
6310
6326
9288
8348
9294
3575
3562
5070
3480
2040
2456
4064
6739
2237
7416
9251
3349
8322
2553
1849
5169
5294
6795
2765
2919
5239
5076
3333
1691
3572
2405
4310
2525
1532
1183
9316
8548
3211
1744
7457
9309
1623
8725
4952
8084
6521
6572
7108
2104
5648
1764
2611
6805
9609
9775
1630
4800
5898
6873
8339
6891
3179
6532
8567
5045
7673
6259
4645
9100
2402
9974
8709
2866
4666
7247
3720
9514
6055
1904
7215
5301
9625
8267
5063
9252
1454
4019
9369
4510
9255
9078
5074
3229
2015
9320
3559
9678
4954
8362
9345
5812
3833
5947
2348
1290
8977
8310
8726
4439
8733
4873
3134
9987
7858
8911
1901
6524
1147
